00111100000000010000000000000000
00110100001010000000000000000010
00111100000000010000000000000000
00110100001010010000000000000001
00111100000000010000000000000000
00110100001010100000000000000011
00000001000000001000000000100000
00000001001100000101100000101010
00010001011000000000000000001010
00000001001000001000000000100000
00000001010100000101100000101010
00010001011000000000000000001101
00000001010000001000000000100000
00000001000000001000100000100000
00000010001010010101100000101010
00010001011000000000000000010001
00000001001000001000100000100000
00111100000000010000000000000000
00110100001010000000000000000010
00111100000000010000000000000000
00110100001010010000000000000001
00111100000000010000000000000000
00110100001010100000000000000011
00000010001010100101100000101010
00010001011000000000000000011010
00000001010000001000100000100000
00111100000000010000000000000000
00110100001010000000000000000010
00111100000000010000000000000000
00110100001010010000000000000001
00111100000000010000000000000000
00110100001010100000000000000011
00000001000010011001000000100000
00000010010010101001000000100000
00000010010000000010000000100000
00111100000000010000000000000000
00110100001001010000000000000011
00001100000000000000000000101001
00111100000000010000000000000000
00110100001000100000000000001010
00000000000000000000000000001100
00000000100000000001100000100000
00111100000000010000000000000000
00110100001000100000000000000000
00000000011001010001100000100010
00000000011000000011000000101010
00010100110000000000000000110001
00100000010000100000000000000001
00001000000000000000000000101100
00000011111000000000000000001000
